{
  "nbformat": 4,
  "nbformat_minor": 0,
  "metadata": {
    "colab": {
      "provenance": [],
      "authorship_tag": "ABX9TyPMDXXWV9RNdQUiJmyzG9ZN",
      "include_colab_link": true
    },
    "kernelspec": {
      "name": "python3",
      "display_name": "Python 3"
    },
    "language_info": {
      "name": "python"
    }
  },
  "cells": [
    {
      "cell_type": "markdown",
      "metadata": {
        "id": "view-in-github",
        "colab_type": "text"
      },
      "source": [
        "<a href=\"https://colab.research.google.com/github/hiHarish/MLAssignments/blob/main/Assignment01.ipynb\" target=\"_parent\"><img src=\"https://colab.research.google.com/assets/colab-badge.svg\" alt=\"Open In Colab\"/></a>"
      ]
    },
    {
      "cell_type": "markdown",
      "source": [
        "##Part - 1\n",
        "In this part, you will work with the library numpy.\n",
        "\n",
        "Import numpy with an alias name np.\n",
        "\n",
        "Initialize two arrays a,b of size 5x3 with random values and print them."
      ],
      "metadata": {
        "id": "SFhWoe8x9sWW"
      }
    },
    {
      "cell_type": "code",
      "source": [
        "import numpy as np\n",
        "import random\n",
        "a=np.random.rand(5,3)\n",
        "b=np.random.rand(5,3)\n",
        "print(a)\n",
        "print(b)"
      ],
      "metadata": {
        "colab": {
          "base_uri": "https://localhost:8080/"
        },
        "id": "NzjhJp6T-Lt7",
        "outputId": "bee36cf5-db28-4f52-9cee-1548488ffa4f"
      },
      "execution_count": 2,
      "outputs": [
        {
          "output_type": "stream",
          "name": "stdout",
          "text": [
            "[[0.72584343 0.27218822 0.49668698]\n",
            " [0.33442877 0.86200887 0.80582906]\n",
            " [0.21886364 0.17419284 0.42998635]\n",
            " [0.7988309  0.13942471 0.36556546]\n",
            " [0.11973642 0.54113365 0.15433021]]\n",
            "[[0.65588198 0.34054763 0.27828534]\n",
            " [0.3399628  0.27214945 0.73105508]\n",
            " [0.64358398 0.45762532 0.36167687]\n",
            " [0.60100798 0.33209834 0.41907738]\n",
            " [0.13210089 0.76799506 0.42883157]]\n"
          ]
        }
      ]
    },
    {
      "cell_type": "markdown",
      "source": [
        "Initialize and print two arrays c and d having the following properties:\n",
        "\n",
        "c is a row vector with all non-negative integer values less than 100\n",
        "\n",
        "d is a square matrix of size 3 having all entries as 0.0"
      ],
      "metadata": {
        "id": "HJebmX4o_ELm"
      }
    },
    {
      "cell_type": "code",
      "source": [
        "c=np.arange(0,100)\n",
        "d=np.zeros((3,3))\n",
        "print(c)\n",
        "print(d)\n",
        "e=np.array([[1,2,3],[4,5,6],[7,8,9]])\n",
        "print(e)"
      ],
      "metadata": {
        "colab": {
          "base_uri": "https://localhost:8080/"
        },
        "id": "rQ6eWn1S-Uwz",
        "outputId": "129a81ed-e7a1-444a-d716-85a7782fd74b"
      },
      "execution_count": 3,
      "outputs": [
        {
          "output_type": "stream",
          "name": "stdout",
          "text": [
            "[ 0  1  2  3  4  5  6  7  8  9 10 11 12 13 14 15 16 17 18 19 20 21 22 23\n",
            " 24 25 26 27 28 29 30 31 32 33 34 35 36 37 38 39 40 41 42 43 44 45 46 47\n",
            " 48 49 50 51 52 53 54 55 56 57 58 59 60 61 62 63 64 65 66 67 68 69 70 71\n",
            " 72 73 74 75 76 77 78 79 80 81 82 83 84 85 86 87 88 89 90 91 92 93 94 95\n",
            " 96 97 98 99]\n",
            "[[0. 0. 0.]\n",
            " [0. 0. 0.]\n",
            " [0. 0. 0.]]\n",
            "[[1 2 3]\n",
            " [4 5 6]\n",
            " [7 8 9]]\n"
          ]
        }
      ]
    },
    {
      "cell_type": "markdown",
      "source": [
        " f and g\n",
        " are two square matrices of size 5 such that all the entries of\n",
        " f are 1 and g\n",
        " is an identity matrix. Initialize them and print them"
      ],
      "metadata": {
        "id": "qpyCv4HxAuBD"
      }
    },
    {
      "cell_type": "code",
      "source": [
        "f=np.ones((5,5))\n",
        "g=np.eye(5) #identity matrix\n",
        "print(f)\n",
        "print(g)"
      ],
      "metadata": {
        "colab": {
          "base_uri": "https://localhost:8080/"
        },
        "id": "1VNFoWla_e3Z",
        "outputId": "19d3e1e1-75c3-478a-dc47-ac3900e3d4a5"
      },
      "execution_count": 4,
      "outputs": [
        {
          "output_type": "stream",
          "name": "stdout",
          "text": [
            "[[1. 1. 1. 1. 1.]\n",
            " [1. 1. 1. 1. 1.]\n",
            " [1. 1. 1. 1. 1.]\n",
            " [1. 1. 1. 1. 1.]\n",
            " [1. 1. 1. 1. 1.]]\n",
            "[[1. 0. 0. 0. 0.]\n",
            " [0. 1. 0. 0. 0.]\n",
            " [0. 0. 1. 0. 0.]\n",
            " [0. 0. 0. 1. 0.]\n",
            " [0. 0. 0. 0. 1.]]\n"
          ]
        }
      ]
    },
    {
      "cell_type": "code",
      "source": [
        "h=c.reshape(10,10)\n",
        "print(h)\n",
        "cDash=h.flatten()\n",
        "print(cDash)\n",
        "\n",
        "a= 'yes' if(h.shape==cDash.shape) else 'no'\n",
        "print('a')"
      ],
      "metadata": {
        "colab": {
          "base_uri": "https://localhost:8080/"
        },
        "id": "lQ4G_0wABJO6",
        "outputId": "99be5c4a-562c-4913-a0df-5c1e046c31d9"
      },
      "execution_count": 5,
      "outputs": [
        {
          "output_type": "stream",
          "name": "stdout",
          "text": [
            "[[ 0  1  2  3  4  5  6  7  8  9]\n",
            " [10 11 12 13 14 15 16 17 18 19]\n",
            " [20 21 22 23 24 25 26 27 28 29]\n",
            " [30 31 32 33 34 35 36 37 38 39]\n",
            " [40 41 42 43 44 45 46 47 48 49]\n",
            " [50 51 52 53 54 55 56 57 58 59]\n",
            " [60 61 62 63 64 65 66 67 68 69]\n",
            " [70 71 72 73 74 75 76 77 78 79]\n",
            " [80 81 82 83 84 85 86 87 88 89]\n",
            " [90 91 92 93 94 95 96 97 98 99]]\n",
            "[ 0  1  2  3  4  5  6  7  8  9 10 11 12 13 14 15 16 17 18 19 20 21 22 23\n",
            " 24 25 26 27 28 29 30 31 32 33 34 35 36 37 38 39 40 41 42 43 44 45 46 47\n",
            " 48 49 50 51 52 53 54 55 56 57 58 59 60 61 62 63 64 65 66 67 68 69 70 71\n",
            " 72 73 74 75 76 77 78 79 80 81 82 83 84 85 86 87 88 89 90 91 92 93 94 95\n",
            " 96 97 98 99]\n",
            "a\n"
          ]
        }
      ]
    },
    {
      "cell_type": "markdown",
      "source": [
        "Let A\n",
        " denote a randomly initialized three dimensional matrix of shape (2,10,5). Transpose A\n",
        ", call it A'\n",
        ", such that its shape is (5,2,10) and print it."
      ],
      "metadata": {
        "id": "BwlupQs0Ef6l"
      }
    },
    {
      "cell_type": "code",
      "source": [
        "A=np.random.rand(2,10,5)\n",
        "print(A)\n",
        "Adash=A.transpose()\n",
        "print(Adash.shape)\n",
        "print( Adash)\n",
        "print(A.shape)"
      ],
      "metadata": {
        "colab": {
          "base_uri": "https://localhost:8080/"
        },
        "id": "Dznd2y4TCLoB",
        "outputId": "ee41491d-e9b1-45d8-a75d-5c9a5297be0e"
      },
      "execution_count": 6,
      "outputs": [
        {
          "output_type": "stream",
          "name": "stdout",
          "text": [
            "[[[0.50573257 0.48766838 0.91565182 0.58327166 0.59392528]\n",
            "  [0.35335373 0.69423038 0.79220521 0.45086155 0.61239251]\n",
            "  [0.86371679 0.98426379 0.77729349 0.57272202 0.54377277]\n",
            "  [0.92609822 0.98123397 0.39951711 0.85976194 0.15266153]\n",
            "  [0.82658785 0.46006837 0.61850439 0.24370056 0.17139647]\n",
            "  [0.08120205 0.79268464 0.97578328 0.69638884 0.46690838]\n",
            "  [0.58430348 0.97668508 0.11293235 0.05204106 0.86409868]\n",
            "  [0.2474079  0.61338729 0.2011737  0.65281686 0.56475336]\n",
            "  [0.96284141 0.747214   0.14792315 0.86892007 0.16070424]\n",
            "  [0.34408674 0.74595727 0.34110597 0.49847315 0.49421545]]\n",
            "\n",
            " [[0.07114756 0.83511277 0.04259262 0.9992219  0.75923283]\n",
            "  [0.21718335 0.19081256 0.66927141 0.93619337 0.40166254]\n",
            "  [0.03168391 0.54850019 0.73331218 0.18413935 0.89630293]\n",
            "  [0.43995199 0.53061745 0.25120078 0.01922534 0.55919094]\n",
            "  [0.246918   0.16386272 0.69410822 0.79153886 0.46209592]\n",
            "  [0.08675047 0.44573796 0.9029906  0.02103223 0.90879292]\n",
            "  [0.67357641 0.21191677 0.73291127 0.8840551  0.13503491]\n",
            "  [0.01056005 0.20162139 0.64494895 0.30280328 0.04210057]\n",
            "  [0.03776117 0.55801938 0.97770591 0.39214534 0.9457705 ]\n",
            "  [0.63847106 0.93617533 0.34821262 0.33030946 0.60580083]]]\n",
            "(5, 10, 2)\n",
            "[[[0.50573257 0.07114756]\n",
            "  [0.35335373 0.21718335]\n",
            "  [0.86371679 0.03168391]\n",
            "  [0.92609822 0.43995199]\n",
            "  [0.82658785 0.246918  ]\n",
            "  [0.08120205 0.08675047]\n",
            "  [0.58430348 0.67357641]\n",
            "  [0.2474079  0.01056005]\n",
            "  [0.96284141 0.03776117]\n",
            "  [0.34408674 0.63847106]]\n",
            "\n",
            " [[0.48766838 0.83511277]\n",
            "  [0.69423038 0.19081256]\n",
            "  [0.98426379 0.54850019]\n",
            "  [0.98123397 0.53061745]\n",
            "  [0.46006837 0.16386272]\n",
            "  [0.79268464 0.44573796]\n",
            "  [0.97668508 0.21191677]\n",
            "  [0.61338729 0.20162139]\n",
            "  [0.747214   0.55801938]\n",
            "  [0.74595727 0.93617533]]\n",
            "\n",
            " [[0.91565182 0.04259262]\n",
            "  [0.79220521 0.66927141]\n",
            "  [0.77729349 0.73331218]\n",
            "  [0.39951711 0.25120078]\n",
            "  [0.61850439 0.69410822]\n",
            "  [0.97578328 0.9029906 ]\n",
            "  [0.11293235 0.73291127]\n",
            "  [0.2011737  0.64494895]\n",
            "  [0.14792315 0.97770591]\n",
            "  [0.34110597 0.34821262]]\n",
            "\n",
            " [[0.58327166 0.9992219 ]\n",
            "  [0.45086155 0.93619337]\n",
            "  [0.57272202 0.18413935]\n",
            "  [0.85976194 0.01922534]\n",
            "  [0.24370056 0.79153886]\n",
            "  [0.69638884 0.02103223]\n",
            "  [0.05204106 0.8840551 ]\n",
            "  [0.65281686 0.30280328]\n",
            "  [0.86892007 0.39214534]\n",
            "  [0.49847315 0.33030946]]\n",
            "\n",
            " [[0.59392528 0.75923283]\n",
            "  [0.61239251 0.40166254]\n",
            "  [0.54377277 0.89630293]\n",
            "  [0.15266153 0.55919094]\n",
            "  [0.17139647 0.46209592]\n",
            "  [0.46690838 0.90879292]\n",
            "  [0.86409868 0.13503491]\n",
            "  [0.56475336 0.04210057]\n",
            "  [0.16070424 0.9457705 ]\n",
            "  [0.49421545 0.60580083]]]\n",
            "(2, 10, 5)\n"
          ]
        }
      ]
    },
    {
      "cell_type": "markdown",
      "source": [
        "You have a matrix X\n",
        " of size (10,5) filled with random values. Print the following :\n",
        "\n",
        "Minimum value and index where it occured, for each column\n",
        "\n",
        "Maximum value and the index where it occured, for each column\n",
        "\n",
        "Minimum value and index where it occured, for each row\n",
        "\n",
        "Maximum value and index where it occured, for each row\n",
        "\n",
        "Minimum value and index where it occured, for the entire matrix\n",
        "\n",
        "Maximum value and index where it occured, for the entire matrix"
      ],
      "metadata": {
        "id": "cIy42Li1GRsE"
      }
    },
    {
      "cell_type": "code",
      "source": [
        "X=np.random.rand(10,5)\n",
        "print(X)\n",
        "print(\"Min value column wise {} and index val {}\".format(np.amin(X,axis=0),np.argmin(X,axis=0)))\n",
        "print(\"Max value column wise {} and index vals {}\".format(np.amax(X,axis=0),np.argmax(X,axis=0)))\n",
        "print(\"Min values row wise {} and index is {}\".format(np.amin(X,axis=1),np.argmin(X,axis=1)))\n",
        "print(\"Max value row wise {} and index is {}\".format(np.amin(X,axis=1),np.argmin(X,axis=1)))\n",
        "print(\"min val of entire matrix {}\".format(min(X.flatten())))\n",
        "print(\"MAx Val of entire matrix {}\".format(max(X.flatten())))"
      ],
      "metadata": {
        "colab": {
          "base_uri": "https://localhost:8080/"
        },
        "id": "VG3LkWxBFRPQ",
        "outputId": "08aa1b7c-55ac-48f4-d84e-1f7c18c936c0"
      },
      "execution_count": 7,
      "outputs": [
        {
          "output_type": "stream",
          "name": "stdout",
          "text": [
            "[[0.67444518 0.26290872 0.87934716 0.97317737 0.78569463]\n",
            " [0.51065169 0.25571586 0.52722618 0.98772437 0.6189211 ]\n",
            " [0.48942395 0.21648622 0.05087254 0.86310277 0.5916959 ]\n",
            " [0.36900931 0.84964312 0.10316872 0.31333842 0.20932766]\n",
            " [0.92810025 0.19158942 0.98459071 0.42888615 0.28989398]\n",
            " [0.59283268 0.21845097 0.63914977 0.16801621 0.42382119]\n",
            " [0.38217864 0.77863854 0.14852159 0.84762608 0.50154197]\n",
            " [0.62205454 0.75733767 0.72697234 0.40208032 0.83062037]\n",
            " [0.82358907 0.360891   0.62544711 0.86524037 0.95167422]\n",
            " [0.76467083 0.67879945 0.69399991 0.6231369  0.93659633]]\n",
            "Min value column wise [0.36900931 0.19158942 0.05087254 0.16801621 0.20932766] and index val [3 4 2 5 3]\n",
            "Max value column wise [0.92810025 0.84964312 0.98459071 0.98772437 0.95167422] and index vals [4 3 4 1 8]\n",
            "Min values row wise [0.26290872 0.25571586 0.05087254 0.10316872 0.19158942 0.16801621\n",
            " 0.14852159 0.40208032 0.360891   0.6231369 ] and index is [1 1 2 2 1 3 2 3 1 3]\n",
            "Max value row wise [0.26290872 0.25571586 0.05087254 0.10316872 0.19158942 0.16801621\n",
            " 0.14852159 0.40208032 0.360891   0.6231369 ] and index is [1 1 2 2 1 3 2 3 1 3]\n",
            "min val of entire matrix 0.05087253842969397\n",
            "MAx Val of entire matrix 0.987724373182375\n"
          ]
        }
      ]
    },
    {
      "cell_type": "markdown",
      "source": [
        "Find and print the following for the matrix X:\n",
        "\n",
        "Mean of each row and column\n",
        "\n",
        "Standard deviation of each row and column\n",
        "\n",
        "Mean of the entire matrix\n",
        "\n",
        "Standard deviation of entire matrix"
      ],
      "metadata": {
        "id": "zZTRD6mMLPZL"
      }
    },
    {
      "cell_type": "code",
      "source": [
        "print(\"Mean of each row {}\".format(X.mean(axis=1)))\n",
        "print(\"Mean of each column {}\".format(X.mean(axis=0)))\n",
        "print(\"std Deviation of each row {}\".format(X.std(axis=1)))\n",
        "print(\"std Deviation of each column {}\".format(X.std(axis=0)))\n",
        "print(\"Mean {}\".format(X.mean()))\n",
        "print(\"SD {}\".format(X.std()))"
      ],
      "metadata": {
        "colab": {
          "base_uri": "https://localhost:8080/"
        },
        "id": "c-YlRd9vGpJy",
        "outputId": "28cae797-a1fa-47b2-98d8-574dad151fa7"
      },
      "execution_count": 8,
      "outputs": [
        {
          "output_type": "stream",
          "name": "stdout",
          "text": [
            "Mean of each row [0.71511461 0.58004784 0.44231628 0.36889745 0.5646121  0.40845417\n",
            " 0.53170136 0.66781305 0.72536835 0.73944068]\n",
            "Mean of each column [0.61569561 0.4570461  0.5379296  0.6472329  0.61397873]\n",
            "std Deviation of each row [0.24685803 0.23685796 0.2848937  0.25701264 0.32910277 0.19045402\n",
            " 0.25724687 0.14881426 0.21130728 0.10842112]\n",
            "std Deviation of each column [0.1758942  0.25877338 0.31177986 0.28389234 0.24751497]\n",
            "Mean 0.5743765895856062\n",
            "SD 0.2685688332070084\n"
          ]
        }
      ]
    },
    {
      "cell_type": "markdown",
      "source": [
        "Let Y\n",
        " denote a square matrix of size 10 with random values. Print the following:\n",
        "\n",
        "Determinant,\n",
        "\n",
        "Rank of the matrix,\n",
        "\n",
        "Diagonal Elements,\n",
        "\n",
        "Trace,\n",
        "\n",
        "Eigen values,\n",
        "\n",
        "Matrices obtained after Singular Value ,\n",
        "\n",
        "Decomposition\n",
        "\n",
        "Inverse if exists, otherwise\n",
        "\n",
        "Pseudo-Inverse\n",
        "\n",
        "Multiplication Y with X\n",
        "\n",
        "Element-wise multiplication of Y\n",
        " and its inverse(or pseudo-inverse)"
      ],
      "metadata": {
        "id": "iM__XuccMnXH"
      }
    },
    {
      "cell_type": "code",
      "source": [
        "Y=np.random.rand(10,10)\n",
        "print(Y)\n",
        "print(\"Determinant {}\".format(np.linalg.det(Y)))\n",
        "print(\"Rank {}\".format(np.linalg.matrix_rank(Y)))\n",
        "print(\"Diagonal Elements {}\".format(np.diag(Y)))\n",
        "print(\"Trace {}\".format(np.trace(Y)))\n",
        "print(\"Eigen values \\n {}\".format(np.linalg.eigvals(Y)))\n",
        "print(\"Singular Value Decomposition \\n{}\".format(np.linalg.svd(Y)))\n",
        "print(\"Decomposition {}\".format(np.linalg.det(Y)))\n",
        "print(\"Inverse\\n {}\".format(np.linalg.inv(Y)))\n",
        "print(\"Pseudo Inverse \\n {}\".format(np.linalg.pinv(Y)))\n",
        "print(\"Multiplication of X and Y\\n {}\".format(np.dot(Y,X)))\n",
        "print(\"Element wise multiplication\\n {}\".format(np.dot(Y,np.linalg.inv(Y))))\n",
        "\n",
        "\n"
      ],
      "metadata": {
        "colab": {
          "base_uri": "https://localhost:8080/"
        },
        "id": "SA40yvc9Mm-D",
        "outputId": "cca5efe4-46f4-485f-9306-e2f0a0534a87"
      },
      "execution_count": 18,
      "outputs": [
        {
          "output_type": "stream",
          "name": "stdout",
          "text": [
            "[[0.1510903  0.16108346 0.62428809 0.7201099  0.87806683 0.96276487\n",
            "  0.81635038 0.69910745 0.46529704 0.24177081]\n",
            " [0.28540133 0.07743664 0.55244176 0.27135465 0.89555883 0.87958927\n",
            "  0.47798212 0.77582221 0.83542842 0.34878512]\n",
            " [0.46788378 0.15948214 0.06086419 0.44501151 0.8351929  0.16515556\n",
            "  0.2672238  0.80297011 0.74562804 0.95347337]\n",
            " [0.51103245 0.06792596 0.31989153 0.3419406  0.91610387 0.76156686\n",
            "  0.1368091  0.26110925 0.64925901 0.81054088]\n",
            " [0.0433545  0.39058534 0.52184686 0.2565259  0.64601337 0.54346797\n",
            "  0.76151155 0.41227844 0.53078378 0.84603491]\n",
            " [0.07987806 0.12446341 0.20804638 0.70228687 0.61948258 0.43077729\n",
            "  0.49663881 0.08961934 0.47687711 0.80178449]\n",
            " [0.95820015 0.88032057 0.02623919 0.88280696 0.21241816 0.28526364\n",
            "  0.84859109 0.28659443 0.72469073 0.53369098]\n",
            " [0.28463749 0.53452918 0.81414622 0.60853915 0.74201903 0.84400339\n",
            "  0.16498332 0.48044997 0.32650925 0.15857917]\n",
            " [0.83949607 0.8002306  0.261632   0.32597123 0.73632814 0.37733265\n",
            "  0.10591265 0.01100138 0.9485956  0.49514512]\n",
            " [0.8032194  0.10463947 0.77759259 0.99752239 0.88563186 0.63075566\n",
            "  0.73059993 0.35891924 0.67176674 0.13350317]]\n",
            "Determinant -0.03478608146409515\n",
            "Rank 10\n",
            "Diagonal Elements [0.1510903  0.07743664 0.06086419 0.3419406  0.64601337 0.43077729\n",
            " 0.84859109 0.48044997 0.9485956  0.13350317]\n",
            "Trace 4.119262223835895\n",
            "Eigen values \n",
            " [ 5.10825321+0.j         -0.99346479+0.j         -0.21805278+0.47167943j\n",
            " -0.21805278-0.47167943j -0.71647117+0.j         -0.41025953+0.j\n",
            "  0.22904265+0.47404907j  0.22904265-0.47404907j  0.55461238+0.06299909j\n",
            "  0.55461238-0.06299909j]\n",
            "Singular Value Decomposition \n",
            "SVDResult(U=array([[-0.35426848, -0.41172197,  0.20157976,  0.2478544 ,  0.01470258,\n",
            "        -0.12659248, -0.00869549, -0.29250353, -0.2702841 ,  0.65420441],\n",
            "       [-0.33969698, -0.31962275, -0.13723875, -0.15699302, -0.11490369,\n",
            "        -0.44495082, -0.41028503, -0.18599186, -0.19439202, -0.5357862 ],\n",
            "       [-0.30404542,  0.1708112 , -0.5347913 ,  0.10498645, -0.44070014,\n",
            "        -0.3068154 ,  0.46883619,  0.24105986, -0.03698739,  0.11712575],\n",
            "       [-0.30722003, -0.02514647, -0.36088188, -0.29672877, -0.0685845 ,\n",
            "         0.38414309, -0.09574273, -0.47077247,  0.53618264,  0.12706241],\n",
            "       [-0.29773871, -0.08201064, -0.23931549,  0.34767259,  0.55740491,\n",
            "        -0.06813523, -0.26536571,  0.47534685,  0.3349276 ,  0.05084345],\n",
            "       [-0.25652007,  0.03414432, -0.19332847,  0.35753762,  0.10003869,\n",
            "         0.62100299,  0.1111489 , -0.09514001, -0.49716495, -0.32185623],\n",
            "       [-0.31888668,  0.63456231,  0.36567467,  0.34532472,  0.04703465,\n",
            "        -0.24036027,  0.02183759, -0.35425941,  0.18952179, -0.14420259],\n",
            "       [-0.29579172, -0.26352725,  0.2791648 , -0.33038889,  0.37227346,\n",
            "        -0.04290421,  0.6689221 ,  0.03287791,  0.10585951, -0.23621724],\n",
            "       [-0.29530263,  0.45864645, -0.01737168, -0.5803479 ,  0.23177862,\n",
            "         0.02143227, -0.20839816,  0.18251371, -0.40580453,  0.26407442],\n",
            "       [-0.37607985, -0.09029631,  0.46657597, -0.03053243, -0.52194966,\n",
            "         0.30648199, -0.16876037,  0.45300546,  0.17072439, -0.05081017]]), S=array([5.2905227 , 1.55816965, 1.26928954, 1.01932496, 0.76081712,\n",
            "       0.69592452, 0.50299592, 0.36345596, 0.25692739, 0.1311444 ]), Vh=array([[-0.26894567, -0.19193649, -0.25578486, -0.33590218, -0.44223481,\n",
            "        -0.35641596, -0.29381398, -0.25574964, -0.38098312, -0.30509965],\n",
            "       [ 0.48668971,  0.43769836, -0.39473481,  0.09395752, -0.2329462 ,\n",
            "        -0.40022793, -0.00934503, -0.26189845,  0.23965434,  0.25758694],\n",
            "       [ 0.25278527,  0.23679316,  0.26161439,  0.39536153, -0.24603044,\n",
            "         0.09810936,  0.25512818, -0.15677396, -0.17335378, -0.68220185],\n",
            "       [-0.33464941, -0.13299078, -0.19641921,  0.2997927 , -0.28174853,\n",
            "        -0.18023598,  0.69834183,  0.15360189, -0.1999466 ,  0.28061774],\n",
            "       [-0.41178352,  0.68340979,  0.22045637, -0.26807205, -0.13695169,\n",
            "         0.28909668,  0.0639173 , -0.26855475, -0.12334175,  0.22174048],\n",
            "       [-0.03602557, -0.30508048,  0.10877625,  0.39655148,  0.18828432,\n",
            "         0.08008812, -0.10602937, -0.7636787 , -0.16092686,  0.27264039],\n",
            "       [-0.09896477,  0.27363779,  0.01965781,  0.51364147,  0.04830342,\n",
            "        -0.14981223, -0.50572199,  0.38252691, -0.44545104,  0.16071476],\n",
            "       [-0.06897887,  0.04935047,  0.61757531, -0.1129186 ,  0.21880087,\n",
            "        -0.72986396,  0.11598628, -0.03255042,  0.05775731,  0.01526784],\n",
            "       [ 0.55806101, -0.16572102,  0.3200585 , -0.28795621, -0.27838848,\n",
            "         0.14343223,  0.07041324,  0.10137874, -0.48761449,  0.35308883],\n",
            "       [ 0.13439876,  0.18144799, -0.35648217, -0.20866878,  0.65447482,\n",
            "        -0.07046921,  0.2670601 , -0.06956208, -0.49673577, -0.14893556]]))\n",
            "Decomposition -0.03478608146409515\n",
            "Inverse\n",
            " [[-1.26314268e-02 -8.28420832e-01  8.39412685e-02  1.45356252e+00\n",
            "   2.71138239e-01 -1.63199668e+00  4.87662277e-01 -2.52474352e-01\n",
            "  -3.85656189e-01  6.26474710e-01]\n",
            " [ 1.00619816e+00 -8.55105214e-01  1.57881604e-01 -5.40587475e-01\n",
            "   2.02814294e-01 -3.23278785e-01  2.62372677e-03  3.58360076e-01\n",
            "   9.49352912e-01 -7.34613675e-01]\n",
            " [-2.51264613e+00  8.78688996e-01 -2.71210095e-01 -4.36931253e-01\n",
            "   1.14606221e+00  1.19303606e-01 -1.33478762e-01  1.15940312e+00\n",
            "  -8.44509100e-01  1.15369905e+00]\n",
            " [-5.99971993e-01  4.09511992e-01  1.33310984e-01 -6.93251586e-01\n",
            "  -1.06849362e+00  1.59427756e+00  2.69837656e-01  7.67131735e-01\n",
            "  -4.34022969e-01  8.97619504e-02]\n",
            " [ 3.32742667e+00 -2.56809880e+00  8.85572293e-01  5.82192977e-02\n",
            "   2.01718353e-02 -1.00913580e+00 -1.44419951e+00 -1.18679801e+00\n",
            "   1.93139590e+00 -4.22382152e-02]\n",
            " [ 1.79947897e-01  7.02339091e-01 -9.93358722e-01  1.27481410e+00\n",
            "  -5.50748630e-01  9.31748123e-02  7.04087141e-01  2.24904481e-01\n",
            "  -5.78983609e-01 -8.09884831e-01]\n",
            " [ 1.42652476e+00 -8.47406130e-01 -1.76058078e-01  2.88181557e-02\n",
            "   8.78148452e-01 -7.99865315e-01 -1.21591412e-02 -1.22849049e+00\n",
            "   3.23080028e-01  2.61305218e-01]\n",
            " [-2.01564046e-01  5.04393517e-01  8.18346538e-01 -2.64875788e-01\n",
            "  -1.51051749e-01 -5.64760347e-01  3.62392287e-01  5.62835634e-01\n",
            "  -7.28479806e-01 -2.55550292e-01]\n",
            " [-2.09082057e+00  2.87847936e+00 -5.07326209e-01 -1.44086301e+00\n",
            "  -6.18979191e-01  1.86927227e+00  1.61712849e-01  6.36616438e-02\n",
            "   1.48976257e-01  5.90887999e-02]\n",
            " [-1.26251613e+00 -8.09424470e-03  8.95450103e-02  7.98534555e-01\n",
            "   7.01434700e-01  2.09015176e-01  3.57679812e-01  4.53041366e-01\n",
            "  -8.98138130e-01 -2.70333780e-02]]\n",
            "Pseudo Inverse \n",
            " [[-1.26314268e-02 -8.28420832e-01  8.39412685e-02  1.45356252e+00\n",
            "   2.71138239e-01 -1.63199668e+00  4.87662277e-01 -2.52474352e-01\n",
            "  -3.85656189e-01  6.26474710e-01]\n",
            " [ 1.00619816e+00 -8.55105214e-01  1.57881604e-01 -5.40587475e-01\n",
            "   2.02814294e-01 -3.23278785e-01  2.62372677e-03  3.58360076e-01\n",
            "   9.49352912e-01 -7.34613675e-01]\n",
            " [-2.51264613e+00  8.78688996e-01 -2.71210095e-01 -4.36931253e-01\n",
            "   1.14606221e+00  1.19303606e-01 -1.33478762e-01  1.15940312e+00\n",
            "  -8.44509100e-01  1.15369905e+00]\n",
            " [-5.99971993e-01  4.09511992e-01  1.33310984e-01 -6.93251586e-01\n",
            "  -1.06849362e+00  1.59427756e+00  2.69837656e-01  7.67131735e-01\n",
            "  -4.34022969e-01  8.97619504e-02]\n",
            " [ 3.32742667e+00 -2.56809880e+00  8.85572293e-01  5.82192977e-02\n",
            "   2.01718353e-02 -1.00913580e+00 -1.44419951e+00 -1.18679801e+00\n",
            "   1.93139590e+00 -4.22382152e-02]\n",
            " [ 1.79947897e-01  7.02339091e-01 -9.93358722e-01  1.27481410e+00\n",
            "  -5.50748630e-01  9.31748123e-02  7.04087141e-01  2.24904481e-01\n",
            "  -5.78983609e-01 -8.09884831e-01]\n",
            " [ 1.42652476e+00 -8.47406130e-01 -1.76058078e-01  2.88181557e-02\n",
            "   8.78148452e-01 -7.99865315e-01 -1.21591412e-02 -1.22849049e+00\n",
            "   3.23080028e-01  2.61305218e-01]\n",
            " [-2.01564046e-01  5.04393517e-01  8.18346538e-01 -2.64875788e-01\n",
            "  -1.51051749e-01 -5.64760347e-01  3.62392287e-01  5.62835634e-01\n",
            "  -7.28479806e-01 -2.55550292e-01]\n",
            " [-2.09082057e+00  2.87847936e+00 -5.07326209e-01 -1.44086301e+00\n",
            "  -6.18979191e-01  1.86927227e+00  1.61712849e-01  6.36616438e-02\n",
            "   1.48976257e-01  5.90887999e-02]\n",
            " [-1.26251613e+00 -8.09424470e-03  8.95450103e-02  7.98534555e-01\n",
            "   7.01434700e-01  2.09015176e-01  3.57679812e-01  4.53041366e-01\n",
            "  -8.98138130e-01 -2.70333780e-02]]\n",
            "Multiplication of X and Y\n",
            " [[3.45608428 2.70358367 2.89201262 3.13526474 3.06050258]\n",
            " [3.57519278 2.30670208 3.19140617 3.1052303  3.29411909]\n",
            " [3.40885874 2.48366049 3.22389223 2.97943731 3.31120269]\n",
            " [3.33303898 1.9421642  3.10421197 2.75631248 2.95528441]\n",
            " [3.13208789 2.35571504 2.61242104 3.12484401 3.07778944]\n",
            " [2.56012974 2.07827607 2.09777894 2.30758802 2.30036279]\n",
            " [3.30819172 2.83739357 2.94862022 4.0344255  3.53368045]\n",
            " [3.02906022 1.9491531  2.59438808 2.87273792 2.67746666]\n",
            " [3.33744703 1.75168607 3.13385991 3.53804358 3.18004989]\n",
            " [3.69754972 2.73502712 3.06132079 3.7825671  3.3177169 ]]\n",
            "Element wise multiplication\n",
            " [[ 1.00000000e+00  1.69268091e-16  4.68547518e-17 -2.56756994e-16\n",
            "   1.21690691e-16  1.66155614e-16  2.06363737e-17  5.03105786e-17\n",
            "   2.05297845e-16  6.05770299e-17]\n",
            " [ 5.46897773e-16  1.00000000e+00  1.24437487e-16 -1.42079896e-17\n",
            "  -4.74605361e-17 -1.96385816e-16 -4.35431343e-17 -3.16197756e-16\n",
            "   6.72268950e-16 -9.43062619e-17]\n",
            " [ 4.59212246e-16 -9.32478044e-17  1.00000000e+00 -2.18446854e-16\n",
            "   1.04101014e-16 -2.08236500e-16 -2.20960427e-17 -2.38186766e-16\n",
            "   1.35282404e-16  5.55163173e-17]\n",
            " [ 7.57498699e-17 -1.70971482e-16  1.67527907e-16  1.00000000e+00\n",
            "  -7.99660155e-17  1.81397488e-16  1.30013581e-16  4.82554082e-17\n",
            "  -1.01838856e-16 -3.19287101e-17]\n",
            " [-3.01137057e-16 -2.59737159e-16  2.88265518e-16 -9.10151815e-17\n",
            "   1.00000000e+00  2.91199049e-17 -2.23973480e-16  1.30166073e-17\n",
            "   4.30428866e-16  1.77021739e-17]\n",
            " [-4.03519322e-16  7.99609246e-17  3.72690654e-17 -1.11664278e-16\n",
            "  -6.20207941e-17  1.00000000e+00 -5.89733395e-17 -1.64803667e-16\n",
            "   3.05057812e-16 -3.39942054e-17]\n",
            " [-1.46489389e-16 -4.51534858e-17  5.88684200e-17 -2.18158381e-16\n",
            "  -4.03330945e-17  3.56021188e-16  1.00000000e+00  1.08560130e-16\n",
            "  -2.63606407e-17  4.33137772e-17]\n",
            " [ 3.02922902e-16 -1.49185979e-16  8.50404914e-17 -2.10836447e-18\n",
            "   1.11847882e-16 -5.03727792e-17 -1.68921976e-16  1.00000000e+00\n",
            "   4.40185771e-16 -2.59563450e-17]\n",
            " [-1.73076374e-16 -4.53115286e-17 -2.66456503e-17 -1.91872077e-16\n",
            "  -2.31519222e-16  2.51419529e-16 -1.56486903e-17  8.76550407e-17\n",
            "   1.00000000e+00  1.46898381e-16]\n",
            " [ 4.44894547e-16  1.77462025e-16  4.01885949e-17 -1.54048478e-16\n",
            "  -8.98696227e-17  1.96526180e-16 -1.97184878e-17 -5.17678923e-17\n",
            "   2.31766450e-16  1.00000000e+00]]\n"
          ]
        }
      ]
    },
    {
      "cell_type": "markdown",
      "source": [
        "#Part-2"
      ],
      "metadata": {
        "id": "noYymI03PLug"
      }
    },
    {
      "cell_type": "code",
      "source": [
        "import numpy as np\n",
        "import matplotlib.pyplot as plt\n",
        "import pandas as pd"
      ],
      "metadata": {
        "id": "-pEc620xm9Vl"
      },
      "execution_count": 2,
      "outputs": []
    },
    {
      "cell_type": "markdown",
      "source": [
        "Upload data\n"
      ],
      "metadata": {
        "id": "bSattiXlpCJK"
      }
    },
    {
      "cell_type": "code",
      "source": [
        "df = pd.read_csv(\"/content/titanic3.csv\")\n",
        "df.head()"
      ],
      "metadata": {
        "colab": {
          "base_uri": "https://localhost:8080/",
          "height": 206
        },
        "id": "o54OY9UwnJE9",
        "outputId": "ac39bc7c-73fd-4a3f-be59-5512eb0dac92"
      },
      "execution_count": 4,
      "outputs": [
        {
          "output_type": "execute_result",
          "data": {
            "text/plain": [
              "   pclass  survived                                             name     sex  \\\n",
              "0       1         1                    Allen, Miss. Elisabeth Walton  female   \n",
              "1       1         1                   Allison, Master. Hudson Trevor    male   \n",
              "2       1         0                     Allison, Miss. Helen Loraine  female   \n",
              "3       1         0             Allison, Mr. Hudson Joshua Creighton    male   \n",
              "4       1         0  Allison, Mrs. Hudson J C (Bessie Waldo Daniels)  female   \n",
              "\n",
              "     age  sibsp  parch  ticket      fare    cabin embarked boat   body  \\\n",
              "0  29.00      0      0   24160  211.3375       B5        S    2    NaN   \n",
              "1   0.92      1      2  113781  151.5500  C22 C26        S   11    NaN   \n",
              "2   2.00      1      2  113781  151.5500  C22 C26        S  NaN    NaN   \n",
              "3  30.00      1      2  113781  151.5500  C22 C26        S  NaN  135.0   \n",
              "4  25.00      1      2  113781  151.5500  C22 C26        S  NaN    NaN   \n",
              "\n",
              "                         home.dest  \n",
              "0                     St Louis, MO  \n",
              "1  Montreal, PQ / Chesterville, ON  \n",
              "2  Montreal, PQ / Chesterville, ON  \n",
              "3  Montreal, PQ / Chesterville, ON  \n",
              "4  Montreal, PQ / Chesterville, ON  "
            ],
            "text/html": [
              "\n",
              "  <div id=\"df-5ba656ff-ee4a-4696-b443-28d599c141ae\" class=\"colab-df-container\">\n",
              "    <div>\n",
              "<style scoped>\n",
              "    .dataframe tbody tr th:only-of-type {\n",
              "        vertical-align: middle;\n",
              "    }\n",
              "\n",
              "    .dataframe tbody tr th {\n",
              "        vertical-align: top;\n",
              "    }\n",
              "\n",
              "    .dataframe thead th {\n",
              "        text-align: right;\n",
              "    }\n",
              "</style>\n",
              "<table border=\"1\" class=\"dataframe\">\n",
              "  <thead>\n",
              "    <tr style=\"text-align: right;\">\n",
              "      <th></th>\n",
              "      <th>pclass</th>\n",
              "      <th>survived</th>\n",
              "      <th>name</th>\n",
              "      <th>sex</th>\n",
              "      <th>age</th>\n",
              "      <th>sibsp</th>\n",
              "      <th>parch</th>\n",
              "      <th>ticket</th>\n",
              "      <th>fare</th>\n",
              "      <th>cabin</th>\n",
              "      <th>embarked</th>\n",
              "      <th>boat</th>\n",
              "      <th>body</th>\n",
              "      <th>home.dest</th>\n",
              "    </tr>\n",
              "  </thead>\n",
              "  <tbody>\n",
              "    <tr>\n",
              "      <th>0</th>\n",
              "      <td>1</td>\n",
              "      <td>1</td>\n",
              "      <td>Allen, Miss. Elisabeth Walton</td>\n",
              "      <td>female</td>\n",
              "      <td>29.00</td>\n",
              "      <td>0</td>\n",
              "      <td>0</td>\n",
              "      <td>24160</td>\n",
              "      <td>211.3375</td>\n",
              "      <td>B5</td>\n",
              "      <td>S</td>\n",
              "      <td>2</td>\n",
              "      <td>NaN</td>\n",
              "      <td>St Louis, MO</td>\n",
              "    </tr>\n",
              "    <tr>\n",
              "      <th>1</th>\n",
              "      <td>1</td>\n",
              "      <td>1</td>\n",
              "      <td>Allison, Master. Hudson Trevor</td>\n",
              "      <td>male</td>\n",
              "      <td>0.92</td>\n",
              "      <td>1</td>\n",
              "      <td>2</td>\n",
              "      <td>113781</td>\n",
              "      <td>151.5500</td>\n",
              "      <td>C22 C26</td>\n",
              "      <td>S</td>\n",
              "      <td>11</td>\n",
              "      <td>NaN</td>\n",
              "      <td>Montreal, PQ / Chesterville, ON</td>\n",
              "    </tr>\n",
              "    <tr>\n",
              "      <th>2</th>\n",
              "      <td>1</td>\n",
              "      <td>0</td>\n",
              "      <td>Allison, Miss. Helen Loraine</td>\n",
              "      <td>female</td>\n",
              "      <td>2.00</td>\n",
              "      <td>1</td>\n",
              "      <td>2</td>\n",
              "      <td>113781</td>\n",
              "      <td>151.5500</td>\n",
              "      <td>C22 C26</td>\n",
              "      <td>S</td>\n",
              "      <td>NaN</td>\n",
              "      <td>NaN</td>\n",
              "      <td>Montreal, PQ / Chesterville, ON</td>\n",
              "    </tr>\n",
              "    <tr>\n",
              "      <th>3</th>\n",
              "      <td>1</td>\n",
              "      <td>0</td>\n",
              "      <td>Allison, Mr. Hudson Joshua Creighton</td>\n",
              "      <td>male</td>\n",
              "      <td>30.00</td>\n",
              "      <td>1</td>\n",
              "      <td>2</td>\n",
              "      <td>113781</td>\n",
              "      <td>151.5500</td>\n",
              "      <td>C22 C26</td>\n",
              "      <td>S</td>\n",
              "      <td>NaN</td>\n",
              "      <td>135.0</td>\n",
              "      <td>Montreal, PQ / Chesterville, ON</td>\n",
              "    </tr>\n",
              "    <tr>\n",
              "      <th>4</th>\n",
              "      <td>1</td>\n",
              "      <td>0</td>\n",
              "      <td>Allison, Mrs. Hudson J C (Bessie Waldo Daniels)</td>\n",
              "      <td>female</td>\n",
              "      <td>25.00</td>\n",
              "      <td>1</td>\n",
              "      <td>2</td>\n",
              "      <td>113781</td>\n",
              "      <td>151.5500</td>\n",
              "      <td>C22 C26</td>\n",
              "      <td>S</td>\n",
              "      <td>NaN</td>\n",
              "      <td>NaN</td>\n",
              "      <td>Montreal, PQ / Chesterville, ON</td>\n",
              "    </tr>\n",
              "  </tbody>\n",
              "</table>\n",
              "</div>\n",
              "    <div class=\"colab-df-buttons\">\n",
              "\n",
              "  <div class=\"colab-df-container\">\n",
              "    <button class=\"colab-df-convert\" onclick=\"convertToInteractive('df-5ba656ff-ee4a-4696-b443-28d599c141ae')\"\n",
